0000110000001100
0000000110111100
1101100011111001
1111101001001001
0000000000101111
1111101001001001
1101100011111001
0000000110111100
0001100000011000
1011110000000001
1111100111011000
0100100111111010
0010111100000000
0100100111111010
1111100111011000
1011110000000001
0001100000011000
0000000110111100
1101100011111001
1111101001001001
0000000000101111
1111101001001001
1101100011111001
0000000110111100
0001100000011000
1011110000000001
1111100111011000
0100100111111010
0010111100000000
0100100111111010
1111100111011000
1011110000000001
0001100000011000
0000000110111100
1101100011111001
1111101001001001
0000000000101111
1111101001001001
1101100011111001
0000000110111100
0001100000011000
1011110000000001
1111100111011000
0100100111111010
0010111100000000
0100100111111010
1111100111011000
1011110000000001
0001100000011000
0000000110111100
1101100011111001
1111101001001001
0000000000101111
1111101001001001
1101100011111001
0000000110111100
0001100000011000
1011110000000001
1111100111011000
0100100111111010
0010111100000000
0100100111111010
1111100111011000
1011110000000001
0001100000011000
0000000110111100
1101100011111001
1111101001001001
0000000000101111
1111101001001001
1101100011111001
0000000110111100
0001100000011000
1011110000000001
1111100111011000
0100100111111010
0010111100000000
0100100111111010
1111100111011000
1011110000000001
0001100000011000
0000000110111100
1101100011111001
1111101001001001
0000000000101111
1111101001001001
1101100011111001
0000000110111100
0001100000011000
1011110000000001
1111100111011000
0100100111111010
0010111100000000
0100100111111010
1111100111011000
1011110000000001
0001100000011000
0000000110111100
1101100011111001
1111101001001001
0000000000101111
1111101001001001
1101100011111001
0000000110111100
0001100000011000
1011110000000001
1111100111011000
0100100111111010
0010111100000000
0100100111111010
1111100111011000
1011110000000001
0001100000011000
0000000110111100
1101100011111001
1111101001001001
0000000000101111
1111101001001001
1101100011111001
0000000110111100
0001100000011000
1011110000000001
1111100111011000
0100100111111010
0010111100000000
0100100111111010
1111100111011000
1011110000000001
0001100000011000
0000000110111100
1101100011111001
1111101001001001
0000000000101111
1111101001001001
1101100011111001
0000000110111100
0001100000011000
1011110000000001
1111100111011000
0100100111111010
0010111100000000
0100100111111010
1111100111011000
1011110000000001
0001100000011000
0000000110111100
1101100011111001
1111101001001001
0000000000101111
1111101001001001
1101100011111001
0000000110111100
0001100000011000
1011110000000001
1111100111011000
0100100111111010
0010111100000000
0100100111111010
1111100111011000
1011110000000001
0000110011100100
1100111000000110
1100101000101111
1100010111010001
1110010011111111
0010011000100110
0000101010111111
0000100011000010
0100110111101110
0000101111100011
1101011011100001
1111100100100100
1101000100101010
1101111110111101
1110110011100011
1100111000010011
0010000000100000
0000001000111101
1010111011110100
0000100000011110
0001111000001101
0001100010111010
0011101100000001
1111111000011011
0000110100110010
0011011011101100
0001110011000101
0010110100011111
1111001000001011
1101011000110010
0011100100010100
0011111011111101
0000000001010000
1100001011111101
1100011100010100
0010101000110010
0000111000001011
1101001100011111
1110010011000101
1100101011101100
1111001100110010
0000001000011011
1100010100000001
1110100010111010
1110001000001101
1111100000011110
0101001011110100
1111111000111101
1110000000100000
0011001000010011
0001010011100011
0010000110111101
0010111100101010
0000011100100100
0010101011100001
1111010111100011
1011001111101110
1111100011000010
1111011010111111
1101101000100110
0001110011111111
0011101111010001
0011011000101111
0011001000000110
0000000010110000
1100111000000110
1100101000101111
1100010111010001
1110010011111111
0010011000100110
0000101010111111
0000100011000010
0100110111101110
0000101111100011
1101011011100001
1111100100100100
1101000100101010
1101111110111101
1110110011100011
1100111000010011
0010000000100000
0000001000111101
1010111011110100
0000100000011110
0001111000001101
0001100010111010
0011101100000001
1111111000011011
0000110100110010
0011011011101100
0001110011000101
0010110100011111
1111001000001011
1101011000110010
0011100100010100
0011111011111101
0000000001010000
1100001011111101
1100011100010100
0010101000110010
0000111000001011
1101001100011111
1110010011000101
1100101011101100
1111001100110010
0000001000011011
1100010100000001
1110100010111010
1110001000001101
1111100000011110
0101001011110100
1111111000111101
1110000000100000
0011001000010011
0001010011100011
0010000110111101
0010111100101010
0000011100100100
0010101011100001
1111010111100011
1011001111101110
1111100011000010
1111011010111111
1101101000100110
0001110011111111
0011101111010001
0011011000101111
0011001000000110
0000000010110000
1100111000000110
1100101000101111
1100010111010001
1110010011111111
0010011000100110
0000101010111111
0000100011000010
0100110111101110
0000101111100011
1101011011100001
1111100100100100
1101000100101010
1101111110111101
1110110011100011
1100111000010011
0010000000100000
0000001000111101
1010111011110100
0000100000011110
0001111000001101
0001100010111010
0011101100000001
1111111000011011
0000110100110010
0011011011101100
0001110011000101
0010110100011111
1111001000001011
1101011000110010
0011100100010100
0011111011111101
0000000000001100
0000000100010100
1110101011100000
1111001011011111
0000101100000001
1111101111111110
1111000000001001
0001001100010101
0010000000010000
0000101011110001
0000011111111001
0000111111111110
0000101111100111
0000011000001101
0000000011110010
1111100011110101
0000000000111000
0000011011110101
1111111011110010
1111100000001101
1111010011100111
1110111111111111
1111100011111001
1111010111110010
1110000000010000
1110110000010101
0000111100001010
0000010011111110
1111010000000001
0000110111011111
0001010111100000
1111111000010100
0000000000011000
0000000100010000
1110101011111101
1111001011101111
0000101111111001
1111101000000110
1111000011111111
0001001011110101
0010000000010000
0000100111110101
0000011011110010
0000111100011001
0000101111111100
0000011100000101
0000000011111000
1111100011110001
0000000000011000
0000011111110001
1111111111111000
1111100000000101
1111010011111100
1111000000011000
1111100011110010
1111010111110101
1110000000010000
1110110111110101
0000111111111111
0000010100000110
1111010011111001
0000110111101111
0001010111111101
1111111000010000
0000000000011000
0000000100010100
1110101011100000
1111001011011111
0000101100000001
1111101111111110
1111000000001001
0001001100010101
0010000000010000
0000101011110001
0000011111111001
0000111111111110
0000101111100111
0000011000001101
0000000011110010
1111100011110101
0111011000010100
1111001100000001
1111000111100001
0000000011101011
0001000111111000
1111110100000001
1111101100001110
0000011000000101
0001010111110010
0000101000000001
0000110111111101
1111101111110101
0001001000010000
0000000011111010
0000010111101000
0000000011101111
0000000000101000
1111111011101111
1111100111101000
1111111011111010
1110110100010000
0000001111110101
1111000111111110
1111010100000001
1110101011110010
1111100100000101
0000010000001110
0000001100000001
1110111011111000
1111111111101011
0000111011100001
0000110100000001
0001010000001100
0001100011110101
0001001000000111
0000101100000011
1101111000000100
1111001100001101
0000011111110111
0000110100011011
0001101000100101
0000110011110000
0000010011110010
0001010100000100
1111110100000010
0001010011110101
1110110111110111
1111011000011011
0000000011110000
0000100100011011
0001001011110111
1110101111110101
0000001000000010
1110101000000100
1111101111110010
1111001111110000
1110010100100101
1111001000011011
1111100011110111
0000101100001101
0010000100000100
1111010000000011
1110111000000111
1110011111110101
1110110000001100
1111001100000001
1111000111100001
0000000011101011
0001000111111000
1111110100000001
1111101100001110
0000011000000101
0001010111110010
0000101000000001
0000110111111101
1111101111110101
0001001000010000
0000000011111010
0000010111101000
0000000011101111
0111011000000000
0000001011110010
0010100111110101
0000100111110110
1110010000000011
0000001000001011
0001110011111111
0001001111110111
1110101111111001
1111010100000010
1111010000001001
1110111000011001
0000110100001010
1111011100001111
1111100011110111
1111111111110100
0000000000101000
1111111111110100
0000011011110111
0000011100010000
1111001000001010
0001000100011010
0000101100001001
0000101000000011
0001010011111001
1110110011110111
1110001100000000
1111110100001011
0001101100000011
1111011011110110
1101011011110110
1111110111110010
0001010011101100
0000000111101001
0001011100000101
0001111100001001
1111011000001101
1111100100000010
0000011011110000
0000001100010010
1111110000010110
0001000011101101
0001000011110110
0000101000000110
0000110011100100
1111100000000100
0000101011111101
1111110011110000
0000000000100000
0000001111110000
1111010111111101
0000011100000100
1111001111100100
1111010100000110
1110111011110110
1110111111101101
0000001100010110
1111110000010010
1111100111110000
0000011000000010
0000100100001101
1110000000001001
1110100000000101
1111111011101001
1110110011101100
0000001011110010
0010100111110101
0000100111110110
1110010000000011
0000001000001011
0001110011111111
0001001111110111
1110101111111001
1111010100000010
1111010000001001
1110111000011001
0000110100001010
1111011100001111
1111100011110111
1111111111110100
0000001100000011
0000010111111110
0000001100000110
0000100000000001
0000011100001001
1111111100000010
1111100111111000
1111001000001010
1111111000010011
0001001100000011
0000100000000110
1111111100010000
0001000000001110
0000101000000111
1111101111111110
0000001011111110
0000000100000011
1111111111111110
0000011011111111
1111011100001000
1111000100001111
0000000100010001
1111100100001000
1110111000000101
0000001100010100
0000111000001101
0000100011111010
0000000100000101
1111100100001100
1111011100000100
1111110100001001
1111101000000001
1111100011110101
1111100000000110
1111110000001111
0000011100000101
0000011000000110
1111100111111001
1110110011101110
1110001000000111
1111000100010100
0000110100000111
0000100000000110
0000000100001000
0000111000000001
0000000111111001
1110111111110110
1111100011111100
1111111000000100
0000010011111100
0000110111110101
1111101111111001
1110111100000000
1111101100000111
1111010000000100
1111000000000110
0000110000010011
0001101100000101
0001000111101100
0000010111110111
1111100000000011
1111011100000011
0000001000001101
0000011100000100
0000011111110010
0000010111111110
0000001100000110
0000100000000001
0000011100001001
1111111100000010
1111100111111000
1111001000001010
1111111000010011
0001001100000011
0000100000000110
1111111100010000
0001000000001110
0000101000000111
1111101111111110
0000001011111110
0000001101111100
0000010111111111
1111101111110111
1111110111111111
0000010100000011
1111100100001000
1111111000000111
0000001111111101
0000000100001000
0000000100000001
1111100111110111
0000001011111101
1111111111111010
1111010011111101
0000000011110111
0000000011110111
0000001000000010
0000001111110101
0000001011110100
0000110111111000
0000000111110100
1111101111110111
0000001011110001
1111100011111101
1111011100000100
1111001111111100
1111100000001000
1111111000001011
1111001000001000
1111101100000111
0000000000000000
1111100000001001
1111100100000001
1111010111111010
1111110100000101
1111101000000001
1111010000000010
0000010111111111
0000010011111111
0000001000000110
0000011011110111
0000010111111001
0000100100000001
1111110011111010
1111101011111111
0000001100000000
1111100000001011
1111101000001110
1111110100000101
0000000100010000
0000010000001110
1111101000000110
0000010000000101
0000010100000001
1111101000000110
0000000011111110
0000000011111011
0000010100001000
0000010011111111
0000001111111100
0001001011111100
0000110011111010
0000011111111100
0000110011110000
0000011011110111
0000010111111111
1111101111110111
1111110111111111
0000010100000011
1111100100001000
1111111000000111
0000001111111101
0000000100001000
0000000100000001
1111100111110111
0000001011111101
1111111111111010
1111010011111101
0000000011110111
0000000011110111
0111110101110111
1111100000000111
1111111111111101
0000111111111010
0000001011111100
1111001000000010
0000001111111001
0000001100010100
1111001000001010
0000100000000100
0001000100000011
1111001000000011
1111100111101111
0000100000001000
1111011011111000
1111101111110110
0000001000000000
1111111011111111
0000100011110101
0000001100001001
0000100011110001
0000101111110111
1110111111111010
1110110100000101
1111110100001011
1111101100011000
1111111100001011
0000101100001000
0000111011110101
1111101000000000
1111011011110001
0000101111111010
1111111011111010
1111001111110110
0000100011110100
0000001100001000
1111011011111000
0000010000000110
0000011100000101
1111101100000010
1111101100000001
1111110000010110
0000001100000000
0000100100000101
1111101011111110
1111110111110001
0000001111110011
1110101000001011
1111101011110111
0001100000001000
0000001011111101
0000000111110010
0000111011110101
1111101100000001
1111001111111001
1111101000001101
1111111100000101
1111100100010000
1111011000001000
0000101000001111
0000101100000001
0000000111111000
0000001111110000
1111110111111000
1111100111101110
1111100000000111
1111111111111101
0000111111111010
0000001011111100
1111001000000010
0000001111111001
0000001100010100
1111001000001010
0000100000000100
0001000100000011
1111001000000011
1111100111101111
0000100000001000
1111011011111000
1111101111110110
0111110100000011
1111111000000010
1111110111110101
0000011111111100
0000011000001111
1111000111111010
1111111111111010
0000100011111101
0000010000000000
1111100100001100
1111110011110101
0000000011111010
0000010000000011
0000010100000010
1111001000000010
0000010011111001
0000001111111111
1111101000000001
0000010100000010
1111101011111100
0000000000000011
1111111000000000
1111111011110110
0000010000001000
0000000011111110
1111101000000011
1111100111111110
0000100111110011
0000001100001011
1111110000000111
1111011011111000
0000000011110110
0001001000000110
1111010000001000
1111100111111011
0000011011111100
1111111011111101
0000001000001000
1111110111111001
0000000011111111
1111111000000110
1111111111110110
1111111100000100
0000010011111111
0000000100000001
1111010000000100
0000010111110110
0000001011111110
0000001100000111
1111110100000101
1111001111110101
0000101111111110
0000010000000010
1111101100000100
1111101100000100
1111111011110001
0000011000000100
0000001000000101
1111101111111110
1111100100000000
0000101011111001
1111110000000110
1111101011111110
0000101011111011
1111101000000110
1111111000000010
1111110111110101
0000011111111100
0000011000001111
1111000111111010
1111111111111010
0000100011111101
0000010000000000
1111100100001100
1111110011110101
0000000011111010
0000010000000011
0000010100000010
1111001000000010
0000010011111001
0111111001111101
1111100100001010
1111100100000010
1111100111111111
1111010100001000
1111110011111001
1111011100000010
1111101111111111
0000000111111010
1111100000000100
0000011011111100
1111111100000010
1111111100000100
0000100100000010
1111101000001000
0000011000000111
0000000000001000
1111100100000111
0000010100001000
1111011000000010
0000000000000100
0000000000000010
1111100111111100
0000011000000100
1111111011111010
0000010011111111
0000100000000011
0000001111111001
0000101000001000
0000011011111111
0000011000000010
0000011000001010
0000010011111100
0000000100001001
0000000100000000
0000000111111100
1111110000000101
0000001111110101
1111111011111110
0000000111111010
0000011011110101
1111110111111110
0000101011110101
0000001111111011
0000001011111101
0000101111111011
1111101100000000
0000011011111111
0000000000000000
1111100011111111
0000001100000000
1111010011111011
1111110111111101
1111110011111011
1111010111110110
0000000111111110
1111100111110101
1111111011111010
0000000111111110
1111110011110101
0000001100000101
1111111011111100
1111111000000000
1111111000001001
1111110011111100
1111100100001010
1111100100000010
1111100111111111
1111010100001000
1111110011111001
1111011100000010
1111101111111111
0000000111111010
1111100000000100
0000011011111100
1111111100000010
1111111100000100
0000100100000010
1111101000001000
0000011000000111
